0 0.458816 0.369973 0.032675 0.018384
1 0.378489 0.826503 0.269571 0.151666
1 0.362151 0.716967 0.200136 0.112601
1 0.494214 0.717733 0.065351 0.036768
1 0.697073 0.698583 0.084411 0.047491
1 0.373043 0.605898 0.068074 0.038300
1 0.761062 0.706243 0.040844 0.022980
1 0.289993 0.734584 0.123894 0.069705
1 0.422056 0.668709 0.051736 0.029108
1 0.329476 0.733052 0.085773 0.048257
1 0.653506 0.731520 0.084411 0.047491
1 0.359428 0.806588 0.076242 0.042895
1 0.848196 0.218307 0.031314 0.017618
1 0.479238 0.465722 0.023145 0.013022
1 0.306331 0.775182 0.040844 0.022980
1 0.337645 0.768288 0.050374 0.028342
1 0.416610 0.737648 0.016338 0.009192
1 0.394826 0.790502 0.054459 0.030640
1 0.728387 0.686327 0.020422 0.011490
1 0.420694 0.769820 0.016338 0.009192
